syke_colors <- data.frame(
    green = "#84C497", dark_green = "#005854", light_green = "#C7E3D2",
    red = "#F28E77", dark_red = "#B34733", pink = "#FCD9C9",
    blue = "#64C1CB", dark_blue = "#006085", light_blue = "#CFE9EA",
    yellow = "#F3A44C", ochra = "#bb5b0f", light_yellow = "#FED992",
    dark_grey = "#575756", light_grey = "#E4E3DE")

syke_palette <- c("#005854", "#84C497", "#F28E77",
                  "#64C1CB", "#F3A44C", "#B34733",
                  "#006085", "#575756", "#bb5b0f",
                  "#FED992", "#FCD9C9", "#CFE9EA",
                  "#C7E3D2", "#E4E3DE")
